	17.0	18.0	19.0	20.0	21.0	22.0	23.0	24.0	25.0	26.0	27.0	28.0	29.0	30.0	31.0	32.0	33.0	34.0	35.0	36.0	37.0
SRR19509095_1	1.0	5.0	3.0	13.0	17.0	40.0	78.0	126.0	202.0	322.0	486.0	671.0	1010.0	1333.0	1928.0	2854.0	4491.0	8627.0	24220.0	63267.0	157.0
	16.0	17.0	18.0	19.0	20.0	21.0	22.0	23.0	24.0	25.0	26.0	27.0	28.0	29.0	30.0	31.0	32.0	33.0	34.0	35.0	36.0	37.0
SRR19509095_2	1.0	1.0	3.0	6.0	23.0	35.0	59.0	102.0	155.0	247.0	370.0	541.0	728.0	972.0	1375.0	1911.0	2881.0	4425.0	8465.0	23579.0	63384.0	588.0
	18.0	19.0	20.0	21.0	22.0	23.0	24.0	25.0	26.0	27.0	28.0	29.0	30.0	31.0	32.0	33.0	34.0	35.0	36.0	37.0
SRR19509096_1	2.0	6.0	8.0	18.0	40.0	77.0	137.0	190.0	274.0	474.0	693.0	924.0	1301.0	1727.0	2681.0	4112.0	7828.0	21990.0	57576.0	140.0
	16.0	17.0	18.0	19.0	20.0	21.0	22.0	23.0	24.0	25.0	26.0	27.0	28.0	29.0	30.0	31.0	32.0	33.0	34.0	35.0	36.0	37.0
SRR19509096_2	1.0	2.0	2.0	5.0	14.0	37.0	47.0	81.0	134.0	216.0	312.0	458.0	642.0	893.0	1201.0	1706.0	2507.0	3775.0	7268.0	20178.0	60075.0	644.0
	17.0	18.0	19.0	20.0	21.0	22.0	23.0	24.0	25.0	26.0	27.0	28.0	29.0	30.0	31.0	32.0	33.0	34.0	35.0	36.0	37.0
SRR19509097_1	1.0	4.0	2.0	9.0	23.0	45.0	102.0	154.0	216.0	381.0	553.0	730.0	976.0	1357.0	1881.0	2796.0	4296.0	8051.0	22886.0	66299.0	186.0
	17.0	18.0	19.0	20.0	21.0	22.0	23.0	24.0	25.0	26.0	27.0	28.0	29.0	30.0	31.0	32.0	33.0	34.0	35.0	36.0	37.0
SRR19509097_2	1.0	1.0	5.0	14.0	41.0	73.0	99.0	171.0	265.0	384.0	528.0	736.0	965.0	1336.0	1857.0	2693.0	4347.0	8109.0	22655.0	65797.0	871.0
	17.0	18.0	19.0	20.0	21.0	22.0	23.0	24.0	25.0	26.0	27.0	28.0	29.0	30.0	31.0	32.0	33.0	34.0	35.0	36.0	37.0
SRR19509098_1	2.0	1.0	4.0	15.0	26.0	39.0	84.0	123.0	226.0	345.0	524.0	712.0	934.0	1378.0	1885.0	2788.0	4244.0	8054.0	22825.0	66176.0	190.0
	16.0	17.0	18.0	19.0	20.0	21.0	22.0	23.0	24.0	25.0	26.0	27.0	28.0	29.0	30.0	31.0	32.0	33.0	34.0	35.0	36.0	37.0
SRR19509098_2	1.0	2.0	4.0	8.0	21.0	38.0	63.0	93.0	141.0	239.0	361.0	506.0	738.0	923.0	1295.0	1855.0	2760.0	4221.0	8037.0	21731.0	66716.0	822.0
	19.0	20.0	21.0	22.0	23.0	24.0	25.0	26.0	27.0	28.0	29.0	30.0	31.0	32.0	33.0	34.0	35.0	36.0	37.0
SRR19509099_1	1.0	1.0	7.0	6.0	25.0	48.0	83.0	143.0	201.0	385.0	534.0	814.0	1343.0	2124.0	3614.0	8191.0	29947.0	66912.0	87.0
	13.0	14.0	15.0	16.0	17.0	18.0	19.0	20.0	21.0	22.0	23.0	24.0	25.0	26.0	27.0	28.0	29.0	30.0	31.0	32.0	33.0	34.0	35.0	36.0	37.0
SRR19509099_2	1.0	0.0	1.0	0.0	0.0	0.0	1.0	1.0	5.0	14.0	20.0	40.0	65.0	132.0	227.0	284.0	471.0	765.0	1147.0	1920.0	3399.0	7834.0	25805.0	71875.0	459.0
	17.0	18.0	19.0	20.0	21.0	22.0	23.0	24.0	25.0	26.0	27.0	28.0	29.0	30.0	31.0	32.0	33.0	34.0	35.0	36.0	37.0
SRR19509100_1	1.0	0.0	0.0	1.0	3.0	12.0	23.0	44.0	65.0	126.0	206.0	370.0	596.0	884.0	1323.0	2095.0	3781.0	8534.0	30992.0	59220.0	62.0
	18.0	19.0	20.0	21.0	22.0	23.0	24.0	25.0	26.0	27.0	28.0	29.0	30.0	31.0	32.0	33.0	34.0	35.0	36.0	37.0
SRR19509100_2	3.0	2.0	1.0	9.0	16.0	19.0	54.0	77.0	144.0	232.0	350.0	498.0	785.0	1195.0	2062.0	3621.0	8278.0	27061.0	63575.0	356.0
	17.0	18.0	19.0	20.0	21.0	22.0	23.0	24.0	25.0	26.0	27.0	28.0	29.0	30.0	31.0	32.0	33.0	34.0	35.0	36.0	37.0
SRR19509101_1	1.0	0.0	0.0	4.0	8.0	17.0	25.0	62.0	108.0	180.0	256.0	410.0	620.0	898.0	1438.0	2302.0	4044.0	9123.0	33651.0	64426.0	68.0
	17.0	18.0	19.0	20.0	21.0	22.0	23.0	24.0	25.0	26.0	27.0	28.0	29.0	30.0	31.0	32.0	33.0	34.0	35.0	36.0	37.0
SRR19509101_2	1.0	0.0	2.0	7.0	10.0	17.0	20.0	54.0	88.0	149.0	214.0	414.0	577.0	877.0	1372.0	2172.0	4150.0	9576.0	30565.0	67061.0	315.0
	21.0	22.0	23.0	24.0	25.0	26.0	27.0	28.0	29.0	30.0	31.0	32.0	33.0	34.0	35.0	36.0	37.0
SRR19509102_1	5.0	9.0	27.0	58.0	76.0	138.0	202.0	339.0	554.0	817.0	1213.0	1967.0	3479.0	7729.0	28134.0	62978.0	58.0
	13.0	14.0	15.0	16.0	17.0	18.0	19.0	20.0	21.0	22.0	23.0	24.0	25.0	26.0	27.0	28.0	29.0	30.0	31.0	32.0	33.0	34.0	35.0	36.0	37.0
SRR19509102_2	1.0	0.0	0.0	0.0	0.0	0.0	1.0	2.0	4.0	16.0	28.0	47.0	76.0	129.0	221.0	292.0	473.0	743.0	1105.0	1815.0	3376.0	7414.0	24678.0	66995.0	367.0
	19.0	20.0	21.0	22.0	23.0	24.0	25.0	26.0	27.0	28.0	29.0	30.0	31.0	32.0	33.0	34.0	35.0	36.0	37.0
SRR19509103_1	1.0	3.0	6.0	11.0	27.0	52.0	78.0	139.0	236.0	394.0	625.0	958.0	1602.0	2615.0	4851.0	11298.0	37411.0	55464.0	42.0
	17.0	18.0	19.0	20.0	21.0	22.0	23.0	24.0	25.0	26.0	27.0	28.0	29.0	30.0	31.0	32.0	33.0	34.0	35.0	36.0	37.0
SRR19509103_2	1.0	0.0	2.0	3.0	5.0	22.0	42.0	52.0	100.0	156.0	255.0	410.0	582.0	939.0	1470.0	2547.0	4707.0	10807.0	33941.0	59562.0	210.0
	18.0	19.0	20.0	21.0	22.0	23.0	24.0	25.0	26.0	27.0	28.0	29.0	30.0	31.0	32.0	33.0	34.0	35.0	36.0	37.0
SRR19509104_1	1.0	0.0	1.0	5.0	10.0	19.0	45.0	74.0	123.0	221.0	421.0	610.0	948.0	1443.0	2420.0	4075.0	9819.0	33470.0	53527.0	45.0
	19.0	20.0	21.0	22.0	23.0	24.0	25.0	26.0	27.0	28.0	29.0	30.0	31.0	32.0	33.0	34.0	35.0	36.0	37.0
SRR19509104_2	1.0	6.0	6.0	16.0	29.0	59.0	126.0	169.0	300.0	413.0	621.0	966.0	1372.0	2295.0	4322.0	9723.0	29659.0	56935.0	259.0
	20.0	21.0	22.0	23.0	24.0	25.0	26.0	27.0	28.0	29.0	30.0	31.0	32.0	33.0	34.0	35.0	36.0	37.0
SRR19509105_1	1.0	7.0	14.0	33.0	58.0	99.0	165.0	233.0	436.0	621.0	875.0	1317.0	2118.0	3714.0	8471.0	31101.0	62688.0	67.0
	18.0	19.0	20.0	21.0	22.0	23.0	24.0	25.0	26.0	27.0	28.0	29.0	30.0	31.0	32.0	33.0	34.0	35.0	36.0	37.0
SRR19509105_2	1.0	5.0	5.0	8.0	28.0	38.0	45.0	96.0	174.0	267.0	426.0	548.0	903.0	1261.0	2166.0	3821.0	8731.0	27142.0	65924.0	429.0
	19.0	20.0	21.0	22.0	23.0	24.0	25.0	26.0	27.0	28.0	29.0	30.0	31.0	32.0	33.0	34.0	35.0	36.0	37.0
SRR19509106_1	1.0	1.0	8.0	14.0	35.0	62.0	111.0	160.0	251.0	466.0	728.0	1028.0	1667.0	2632.0	4565.0	10416.0	33724.0	53108.0	57.0
	19.0	20.0	21.0	22.0	23.0	24.0	25.0	26.0	27.0	28.0	29.0	30.0	31.0	32.0	33.0	34.0	35.0	36.0	37.0
SRR19509106_2	2.0	9.0	15.0	16.0	30.0	68.0	97.0	170.0	313.0	451.0	673.0	1050.0	1436.0	2522.0	4294.0	9608.0	28249.0	59669.0	362.0
	19.0	20.0	21.0	22.0	23.0	24.0	25.0	26.0	27.0	28.0	29.0	30.0	31.0	32.0	33.0	34.0	35.0	36.0	37.0
SRR19509107_1	2.0	1.0	6.0	12.0	45.0	67.0	108.0	200.0	300.0	487.0	661.0	1044.0	1591.0	2600.0	4624.0	10396.0	33057.0	55276.0	42.0
	14.0	15.0	16.0	17.0	18.0	19.0	20.0	21.0	22.0	23.0	24.0	25.0	26.0	27.0	28.0	29.0	30.0	31.0	32.0	33.0	34.0	35.0	36.0	37.0
SRR19509107_2	1.0	0.0	0.0	0.0	2.0	1.0	4.0	4.0	21.0	37.0	62.0	90.0	168.0	303.0	398.0	689.0	1022.0	1528.0	2524.0	4363.0	9691.0	28999.0	60291.0	321.0
	16.0	17.0	18.0	19.0	20.0	21.0	22.0	23.0	24.0	25.0	26.0	27.0	28.0	29.0	30.0	31.0	32.0	33.0	34.0	35.0	36.0	37.0
SRR19509108_1	1.0	1.0	0.0	0.0	2.0	1.0	22.0	27.0	64.0	119.0	172.0	309.0	440.0	714.0	977.0	1526.0	2447.0	4409.0	10123.0	33269.0	59385.0	50.0
	19.0	20.0	21.0	22.0	23.0	24.0	25.0	26.0	27.0	28.0	29.0	30.0	31.0	32.0	33.0	34.0	35.0	36.0	37.0
SRR19509108_2	2.0	3.0	7.0	15.0	37.0	56.0	101.0	181.0	241.0	415.0	586.0	928.0	1302.0	2266.0	4114.0	8817.0	26958.0	67571.0	458.0
	18.0	19.0	20.0	21.0	22.0	23.0	24.0	25.0	26.0	27.0	28.0	29.0	30.0	31.0	32.0	33.0	34.0	35.0	36.0	37.0
SRR19509109_1	1.0	4.0	2.0	21.0	33.0	69.0	122.0	171.0	273.0	354.0	600.0	845.0	1182.0	1642.0	2347.0	3797.0	7203.0	22799.0	71067.0	152.0
	15.0	16.0	17.0	18.0	19.0	20.0	21.0	22.0	23.0	24.0	25.0	26.0	27.0	28.0	29.0	30.0	31.0	32.0	33.0	34.0	35.0	36.0	37.0
SRR19509109_2	1.0	1.0	1.0	4.0	7.0	19.0	44.0	67.0	99.0	143.0	235.0	343.0	475.0	651.0	974.0	1319.0	1800.0	2649.0	4184.0	8086.0	23911.0	66932.0	739.0
	13.0	14.0	15.0	16.0	17.0	18.0	19.0	20.0	21.0	22.0	23.0	24.0	25.0	26.0	27.0	28.0	29.0	30.0	31.0	32.0	33.0	34.0	35.0	36.0	37.0
SRR19509110_1	1.0	0.0	1.0	0.0	0.0	1.0	1.0	4.0	4.0	12.0	40.0	79.0	119.0	185.0	322.0	523.0	850.0	1231.0	1927.0	3129.0	5652.0	12051.0	36770.0	54601.0	67.0
	15.0	16.0	17.0	18.0	19.0	20.0	21.0	22.0	23.0	24.0	25.0	26.0	27.0	28.0	29.0	30.0	31.0	32.0	33.0	34.0	35.0	36.0	37.0
SRR19509110_2	1.0	0.0	2.0	0.0	1.0	6.0	9.0	13.0	32.0	57.0	112.0	220.0	348.0	474.0	727.0	1100.0	1766.0	2852.0	5226.0	11446.0	32744.0	60170.0	264.0
	18.0	19.0	20.0	21.0	22.0	23.0	24.0	25.0	26.0	27.0	28.0	29.0	30.0	31.0	32.0	33.0	34.0	35.0	36.0	37.0
SRR19509111_1	1.0	1.0	3.0	6.0	11.0	36.0	71.0	124.0	197.0	279.0	501.0	697.0	1018.0	1596.0	2396.0	4294.0	9557.0	31230.0	56836.0	58.0
	19.0	20.0	21.0	22.0	23.0	24.0	25.0	26.0	27.0	28.0	29.0	30.0	31.0	32.0	33.0	34.0	35.0	36.0	37.0
SRR19509111_2	2.0	3.0	9.0	21.0	30.0	41.0	106.0	151.0	257.0	383.0	652.0	892.0	1411.0	2293.0	4081.0	9153.0	27342.0	61711.0	374.0
	19.0	20.0	21.0	22.0	23.0	24.0	25.0	26.0	27.0	28.0	29.0	30.0	31.0	32.0	33.0	34.0	35.0	36.0	37.0
SRR19509112_1	1.0	1.0	8.0	13.0	36.0	76.0	149.0	232.0	350.0	550.0	837.0	1196.0	1854.0	3058.0	5445.0	11580.0	35126.0	46609.0	25.0
	19.0	20.0	21.0	22.0	23.0	24.0	25.0	26.0	27.0	28.0	29.0	30.0	31.0	32.0	33.0	34.0	35.0	36.0	37.0
SRR19509112_2	3.0	7.0	9.0	23.0	42.0	63.0	110.0	194.0	305.0	488.0	678.0	1045.0	1640.0	2541.0	4799.0	10146.0	29224.0	55635.0	194.0
	18.0	19.0	20.0	21.0	22.0	23.0	24.0	25.0	26.0	27.0	28.0	29.0	30.0	31.0	32.0	33.0	34.0	35.0	36.0	37.0
SRR19509113_1	1.0	0.0	5.0	6.0	22.0	38.0	84.0	187.0	254.0	350.0	598.0	840.0	1266.0	1850.0	3079.0	5500.0	11666.0	36340.0	55544.0	51.0
	18.0	19.0	20.0	21.0	22.0	23.0	24.0	25.0	26.0	27.0	28.0	29.0	30.0	31.0	32.0	33.0	34.0	35.0	36.0	37.0
SRR19509113_2	1.0	2.0	5.0	7.0	21.0	37.0	56.0	106.0	220.0	331.0	455.0	726.0	1089.0	1668.0	2726.0	4987.0	10967.0	32305.0	61729.0	243.0
	18.0	19.0	20.0	21.0	22.0	23.0	24.0	25.0	26.0	27.0	28.0	29.0	30.0	31.0	32.0	33.0	34.0	35.0	36.0	37.0
SRR19509114_1	1.0	0.0	0.0	4.0	20.0	25.0	75.0	128.0	193.0	314.0	523.0	819.0	1210.0	1806.0	2862.0	5179.0	11184.0	35258.0	50100.0	25.0
	18.0	19.0	20.0	21.0	22.0	23.0	24.0	25.0	26.0	27.0	28.0	29.0	30.0	31.0	32.0	33.0	34.0	35.0	36.0	37.0
SRR19509114_2	1.0	1.0	3.0	9.0	17.0	31.0	27.0	88.0	150.0	233.0	379.0	608.0	913.0	1364.0	2382.0	4447.0	9741.0	29007.0	60088.0	237.0
	19.0	20.0	21.0	22.0	23.0	24.0	25.0	26.0	27.0	28.0	29.0	30.0	31.0	32.0	33.0	34.0	35.0	36.0	37.0
SRR19509115_1	2.0	3.0	3.0	9.0	23.0	44.0	82.0	168.0	226.0	406.0	605.0	834.0	1333.0	2111.0	3740.0	8365.0	29871.0	55096.0	54.0
	17.0	18.0	19.0	20.0	21.0	22.0	23.0	24.0	25.0	26.0	27.0	28.0	29.0	30.0	31.0	32.0	33.0	34.0	35.0	36.0	37.0
SRR19509115_2	1.0	1.0	2.0	1.0	15.0	11.0	31.0	49.0	67.0	142.0	227.0	335.0	495.0	744.0	1133.0	1859.0	3369.0	7339.0	23568.0	63246.0	340.0
	18.0	19.0	20.0	21.0	22.0	23.0	24.0	25.0	26.0	27.0	28.0	29.0	30.0	31.0	32.0	33.0	34.0	35.0	36.0	37.0
SRR19509116_1	1.0	1.0	6.0	7.0	11.0	31.0	67.0	98.0	138.0	287.0	430.0	732.0	1000.0	1531.0	2365.0	4207.0	9347.0	33725.0	63048.0	52.0
	16.0	17.0	18.0	19.0	20.0	21.0	22.0	23.0	24.0	25.0	26.0	27.0	28.0	29.0	30.0	31.0	32.0	33.0	34.0	35.0	36.0	37.0
SRR19509116_2	1.0	1.0	1.0	1.0	2.0	10.0	14.0	32.0	53.0	103.0	136.0	231.0	378.0	573.0	782.0	1212.0	1998.0	3628.0	7814.0	25945.0	73733.0	436.0
	21.0	22.0	23.0	24.0	25.0	26.0	27.0	28.0	29.0	30.0	31.0	32.0	33.0	34.0	35.0	36.0	37.0
SRR19509117_1	1.0	4.0	6.0	10.0	37.0	67.0	124.0	229.0	359.0	605.0	1029.0	1718.0	3296.0	7818.0	29994.0	65776.0	82.0
	21.0	22.0	23.0	24.0	25.0	26.0	27.0	28.0	29.0	30.0	31.0	32.0	33.0	34.0	35.0	36.0	37.0
SRR19509117_2	1.0	4.0	7.0	20.0	30.0	58.0	103.0	188.0	303.0	482.0	880.0	1593.0	3054.0	7116.0	24828.0	72057.0	431.0
	20.0	21.0	22.0	23.0	24.0	25.0	26.0	27.0	28.0	29.0	30.0	31.0	32.0	33.0	34.0	35.0	36.0	37.0
SRR19509118_1	2.0	4.0	11.0	23.0	51.0	82.0	139.0	212.0	303.0	510.0	765.0	1160.0	1862.0	3178.0	6803.0	24556.0	61362.0	82.0
	19.0	20.0	21.0	22.0	23.0	24.0	25.0	26.0	27.0	28.0	29.0	30.0	31.0	32.0	33.0	34.0	35.0	36.0	37.0
SRR19509118_2	4.0	0.0	9.0	17.0	31.0	50.0	73.0	130.0	218.0	313.0	505.0	711.0	1155.0	1792.0	3093.0	7007.0	21862.0	63724.0	411.0
	17.0	18.0	19.0	20.0	21.0	22.0	23.0	24.0	25.0	26.0	27.0	28.0	29.0	30.0	31.0	32.0	33.0	34.0	35.0	36.0	37.0
SRR19509119_1	1.0	2.0	0.0	4.0	8.0	13.0	39.0	56.0	97.0	160.0	262.0	348.0	551.0	862.0	1355.0	2048.0	3620.0	7796.0	27111.0	64562.0	110.0
	20.0	21.0	22.0	23.0	24.0	25.0	26.0	27.0	28.0	29.0	30.0	31.0	32.0	33.0	34.0	35.0	36.0	37.0
SRR19509119_2	6.0	11.0	10.0	20.0	49.0	101.0	162.0	242.0	335.0	558.0	766.0	1162.0	1984.0	3382.0	7378.0	22982.0	69391.0	466.0
	18.0	19.0	20.0	21.0	22.0	23.0	24.0	25.0	26.0	27.0	28.0	29.0	30.0	31.0	32.0	33.0	34.0	35.0	36.0	37.0
SRR19509120_1	1.0	3.0	10.0	27.0	46.0	102.0	145.0	257.0	338.0	507.0	673.0	1005.0	1375.0	1768.0	2560.0	4080.0	7523.0	21062.0	59138.0	157.0
	13.0	14.0	15.0	16.0	17.0	18.0	19.0	20.0	21.0	22.0	23.0	24.0	25.0	26.0	27.0	28.0	29.0	30.0	31.0	32.0	33.0	34.0	35.0	36.0	37.0
SRR19509120_2	1.0	0.0	0.0	0.0	1.0	4.0	11.0	15.0	42.0	90.0	132.0	204.0	294.0	447.0	573.0	800.0	1035.0	1414.0	1917.0	2755.0	4060.0	7573.0	21184.0	57555.0	670.0
	21.0	22.0	23.0	24.0	25.0	26.0	27.0	28.0	29.0	30.0	31.0	32.0	33.0	34.0	35.0	36.0	37.0
SRR19509121_1	3.0	17.0	36.0	66.0	121.0	204.0	313.0	518.0	787.0	1269.0	1882.0	3024.0	5269.0	12658.0	38096.0	48394.0	29.0
	17.0	18.0	19.0	20.0	21.0	22.0	23.0	24.0	25.0	26.0	27.0	28.0	29.0	30.0	31.0	32.0	33.0	34.0	35.0	36.0	37.0
SRR19509121_2	3.0	0.0	1.0	5.0	8.0	24.0	28.0	47.0	95.0	172.0	258.0	464.0	708.0	1072.0	1736.0	2872.0	5325.0	12159.0	34601.0	52941.0	167.0
	20.0	21.0	22.0	23.0	24.0	25.0	26.0	27.0	28.0	29.0	30.0	31.0	32.0	33.0	34.0	35.0	36.0	37.0
SRR19509122_1	2.0	8.0	13.0	24.0	51.0	119.0	156.0	282.0	467.0	752.0	1154.0	1685.0	2705.0	4918.0	10805.0	33766.0	51612.0	55.0
	18.0	19.0	20.0	21.0	22.0	23.0	24.0	25.0	26.0	27.0	28.0	29.0	30.0	31.0	32.0	33.0	34.0	35.0	36.0	37.0
SRR19509122_2	1.0	1.0	2.0	6.0	17.0	33.0	63.0	108.0	161.0	292.0	423.0	588.0	1037.0	1525.0	2498.0	4650.0	10286.0	30836.0	55840.0	207.0
	16.0	17.0	18.0	19.0	20.0	21.0	22.0	23.0	24.0	25.0	26.0	27.0	28.0	29.0	30.0	31.0	32.0	33.0	34.0	35.0	36.0	37.0
SRR19509123_1	1.0	0.0	1.0	1.0	1.0	7.0	16.0	31.0	57.0	127.0	202.0	317.0	501.0	788.0	1137.0	1754.0	2877.0	4975.0	11256.0	36141.0	57238.0	65.0
	19.0	20.0	21.0	22.0	23.0	24.0	25.0	26.0	27.0	28.0	29.0	30.0	31.0	32.0	33.0	34.0	35.0	36.0	37.0
SRR19509123_2	3.0	7.0	8.0	16.0	43.0	73.0	106.0	196.0	317.0	506.0	767.0	1085.0	1717.0	2935.0	5440.0	12231.0	35542.0	56306.0	195.0
	19.0	20.0	21.0	22.0	23.0	24.0	25.0	26.0	27.0	28.0	29.0	30.0	31.0	32.0	33.0	34.0	35.0	36.0	37.0
SRR19509124_1	3.0	0.0	8.0	18.0	27.0	71.0	105.0	167.0	308.0	466.0	703.0	1028.0	1607.0	2555.0	4447.0	9870.0	32138.0	52899.0	55.0
	19.0	20.0	21.0	22.0	23.0	24.0	25.0	26.0	27.0	28.0	29.0	30.0	31.0	32.0	33.0	34.0	35.0	36.0	37.0
SRR19509124_2	1.0	5.0	8.0	20.0	22.0	50.0	119.0	168.0	259.0	417.0	619.0	899.0	1545.0	2505.0	4582.0	10016.0	29654.0	55330.0	256.0
	19.0	20.0	21.0	22.0	23.0	24.0	25.0	26.0	27.0	28.0	29.0	30.0	31.0	32.0	33.0	34.0	35.0	36.0	37.0
SRR19509125_1	1.0	3.0	5.0	22.0	48.0	84.0	124.0	208.0	351.0	517.0	797.0	1196.0	1920.0	2972.0	5498.0	12267.0	36728.0	50005.0	30.0
	19.0	20.0	21.0	22.0	23.0	24.0	25.0	26.0	27.0	28.0	29.0	30.0	31.0	32.0	33.0	34.0	35.0	36.0	37.0
SRR19509125_2	2.0	4.0	10.0	13.0	22.0	66.0	113.0	201.0	312.0	459.0	742.0	1063.0	1724.0	2845.0	5410.0	11887.0	33663.0	54089.0	151.0
	16.0	17.0	18.0	19.0	20.0	21.0	22.0	23.0	24.0	25.0	26.0	27.0	28.0	29.0	30.0	31.0	32.0	33.0	34.0	35.0	36.0	37.0
SRR19509126_1	1.0	0.0	0.0	0.0	6.0	4.0	10.0	24.0	43.0	71.0	148.0	245.0	343.0	637.0	831.0	1381.0	2128.0	3913.0	9248.0	31918.0	53769.0	60.0
	18.0	19.0	20.0	21.0	22.0	23.0	24.0	25.0	26.0	27.0	28.0	29.0	30.0	31.0	32.0	33.0	34.0	35.0	36.0	37.0
SRR19509126_2	1.0	0.0	6.0	8.0	17.0	27.0	58.0	106.0	173.0	311.0	346.0	572.0	861.0	1336.0	2145.0	4138.0	9570.0	30140.0	54727.0	238.0
	19.0	20.0	21.0	22.0	23.0	24.0	25.0	26.0	27.0	28.0	29.0	30.0	31.0	32.0	33.0	34.0	35.0	36.0	37.0
SRR19509127_1	1.0	3.0	1.0	11.0	28.0	69.0	120.0	192.0	307.0	494.0	732.0	1154.0	1720.0	2732.0	5010.0	11554.0	37908.0	50245.0	33.0
	15.0	16.0	17.0	18.0	19.0	20.0	21.0	22.0	23.0	24.0	25.0	26.0	27.0	28.0	29.0	30.0	31.0	32.0	33.0	34.0	35.0	36.0	37.0
SRR19509127_2	1.0	0.0	1.0	2.0	1.0	3.0	7.0	16.0	40.0	82.0	117.0	200.0	320.0	470.0	709.0	988.0	1680.0	2653.0	5080.0	11841.0	35683.0	52300.0	120.0
	16.0	17.0	18.0	19.0	20.0	21.0	22.0	23.0	24.0	25.0	26.0	27.0	28.0	29.0	30.0	31.0	32.0	33.0	34.0	35.0	36.0	37.0
SRR19509128_1	1.0	0.0	0.0	2.0	3.0	13.0	15.0	32.0	63.0	121.0	193.0	348.0	539.0	824.0	1228.0	1799.0	2838.0	5314.0	12307.0	39578.0	52676.0	46.0
	17.0	18.0	19.0	20.0	21.0	22.0	23.0	24.0	25.0	26.0	27.0	28.0	29.0	30.0	31.0	32.0	33.0	34.0	35.0	36.0	37.0
SRR19509128_2	1.0	0.0	2.0	4.0	7.0	27.0	48.0	72.0	123.0	224.0	344.0	537.0	780.0	1108.0	1747.0	2771.0	5158.0	11749.0	35596.0	57454.0	188.0
	20.0	21.0	22.0	23.0	24.0	25.0	26.0	27.0	28.0	29.0	30.0	31.0	32.0	33.0	34.0	35.0	36.0	37.0
SRR19509129_1	2.0	5.0	16.0	38.0	67.0	129.0	220.0	338.0	563.0	755.0	1099.0	1776.0	2773.0	5040.0	11491.0	37792.0	56142.0	46.0
	18.0	19.0	20.0	21.0	22.0	23.0	24.0	25.0	26.0	27.0	28.0	29.0	30.0	31.0	32.0	33.0	34.0	35.0	36.0	37.0
SRR19509129_2	1.0	1.0	7.0	5.0	20.0	33.0	52.0	121.0	187.0	306.0	439.0	721.0	1036.0	1638.0	2678.0	5013.0	11379.0	34444.0	59975.0	236.0
	19.0	20.0	21.0	22.0	23.0	24.0	25.0	26.0	27.0	28.0	29.0	30.0	31.0	32.0	33.0	34.0	35.0	36.0	37.0
SRR19509130_1	1.0	3.0	7.0	10.0	34.0	68.0	110.0	167.0	293.0	410.0	657.0	972.0	1520.0	2504.0	4258.0	10001.0	34164.0	52795.0	42.0
	18.0	19.0	20.0	21.0	22.0	23.0	24.0	25.0	26.0	27.0	28.0	29.0	30.0	31.0	32.0	33.0	34.0	35.0	36.0	37.0
SRR19509130_2	1.0	0.0	2.0	7.0	14.0	29.0	70.0	93.0	187.0	271.0	409.0	625.0	918.0	1398.0	2321.0	4128.0	9591.0	29922.0	57793.0	237.0
	16.0	17.0	18.0	19.0	20.0	21.0	22.0	23.0	24.0	25.0	26.0	27.0	28.0	29.0	30.0	31.0	32.0	33.0	34.0	35.0	36.0	37.0
SRR19509131_1	1.0	1.0	0.0	5.0	15.0	21.0	42.0	87.0	160.0	233.0	359.0	505.0	680.0	1009.0	1305.0	1796.0	2639.0	3938.0	7435.0	21808.0	72438.0	283.0
	18.0	19.0	20.0	21.0	22.0	23.0	24.0	25.0	26.0	27.0	28.0	29.0	30.0	31.0	32.0	33.0	34.0	35.0	36.0	37.0
SRR19509131_2	3.0	8.0	11.0	41.0	53.0	111.0	152.0	234.0	354.0	484.0	647.0	998.0	1176.0	1654.0	2327.0	3642.0	6191.0	16527.0	78650.0	1497.0
	16.0	17.0	18.0	19.0	20.0	21.0	22.0	23.0	24.0	25.0	26.0	27.0	28.0	29.0	30.0	31.0	32.0	33.0	34.0	35.0	36.0	37.0
SRR19509132_1	1.0	1.0	0.0	1.0	2.0	8.0	18.0	43.0	84.0	148.0	226.0	364.0	530.0	801.0	1096.0	1630.0	2345.0	3710.0	7247.0	22284.0	72196.0	247.0
	17.0	18.0	19.0	20.0	21.0	22.0	23.0	24.0	25.0	26.0	27.0	28.0	29.0	30.0	31.0	32.0	33.0	34.0	35.0	36.0	37.0
SRR19509132_2	1.0	1.0	5.0	11.0	20.0	40.0	66.0	108.0	174.0	237.0	365.0	557.0	794.0	1069.0	1520.0	2202.0	3646.0	6439.0	16764.0	76973.0	1990.0
	17.0	18.0	19.0	20.0	21.0	22.0	23.0	24.0	25.0	26.0	27.0	28.0	29.0	30.0	31.0	32.0	33.0	34.0	35.0	36.0	37.0
SRR19509133_1	2.0	2.0	6.0	9.0	18.0	31.0	81.0	152.0	217.0	291.0	435.0	605.0	863.0	1171.0	1591.0	2279.0	3621.0	6775.0	20110.0	70732.0	220.0
	17.0	18.0	19.0	20.0	21.0	22.0	23.0	24.0	25.0	26.0	27.0	28.0	29.0	30.0	31.0	32.0	33.0	34.0	35.0	36.0	37.0
SRR19509133_2	1.0	2.0	4.0	9.0	33.0	63.0	84.0	123.0	158.0	258.0	416.0	546.0	757.0	1006.0	1446.0	2116.0	3318.0	6077.0	15584.0	75247.0	1963.0
	18.0	19.0	20.0	21.0	22.0	23.0	24.0	25.0	26.0	27.0	28.0	29.0	30.0	31.0	32.0	33.0	34.0	35.0	36.0	37.0
SRR19509134_1	1.0	4.0	4.0	14.0	21.0	43.0	100.0	143.0	219.0	327.0	535.0	743.0	1021.0	1531.0	2176.0	3360.0	6348.0	18588.0	66386.0	245.0
	18.0	19.0	20.0	21.0	22.0	23.0	24.0	25.0	26.0	27.0	28.0	29.0	30.0	31.0	32.0	33.0	34.0	35.0	36.0	37.0
SRR19509134_2	1.0	0.0	18.0	35.0	52.0	65.0	131.0	207.0	294.0	424.0	549.0	805.0	1105.0	1471.0	2262.0	3482.0	6677.0	18280.0	64923.0	1028.0
	17.0	18.0	19.0	20.0	21.0	22.0	23.0	24.0	25.0	26.0	27.0	28.0	29.0	30.0	31.0	32.0	33.0	34.0	35.0	36.0	37.0
SRR19509135_1	1.0	1.0	3.0	3.0	13.0	30.0	61.0	102.0	172.0	276.0	403.0	617.0	954.0	1268.0	1801.0	2603.0	4245.0	8054.0	24335.0	71922.0	184.0
	18.0	19.0	20.0	21.0	22.0	23.0	24.0	25.0	26.0	27.0	28.0	29.0	30.0	31.0	32.0	33.0	34.0	35.0	36.0	37.0
SRR19509135_2	3.0	1.0	17.0	23.0	46.0	65.0	126.0	193.0	276.0	420.0	583.0	840.0	1177.0	1612.0	2401.0	3678.0	6856.0	18424.0	78769.0	1538.0
	18.0	19.0	20.0	21.0	22.0	23.0	24.0	25.0	26.0	27.0	28.0	29.0	30.0	31.0	32.0	33.0	34.0	35.0	36.0	37.0
SRR19509136_1	1.0	3.0	2.0	9.0	14.0	28.0	50.0	110.0	161.0	245.0	370.0	527.0	810.0	1066.0	1586.0	2537.0	4634.0	13742.0	58321.0	300.0
	18.0	19.0	20.0	21.0	22.0	23.0	24.0	25.0	26.0	27.0	28.0	29.0	30.0	31.0	32.0	33.0	34.0	35.0	36.0	37.0
SRR19509136_2	2.0	0.0	4.0	13.0	25.0	40.0	76.0	106.0	174.0	267.0	358.0	513.0	769.0	1023.0	1513.0	2332.0	4281.0	11467.0	59942.0	1611.0
	19.0	20.0	21.0	22.0	23.0	24.0	25.0	26.0	27.0	28.0	29.0	30.0	31.0	32.0	33.0	34.0	35.0	36.0	37.0
SRR19509137_1	1.0	2.0	7.0	14.0	42.0	81.0	134.0	219.0	321.0	529.0	811.0	1263.0	2016.0	2781.0	4391.0	7691.0	21260.0	68539.0	299.0
	18.0	19.0	20.0	21.0	22.0	23.0	24.0	25.0	26.0	27.0	28.0	29.0	30.0	31.0	32.0	33.0	34.0	35.0	36.0	37.0
SRR19509137_2	1.0	0.0	5.0	12.0	21.0	38.0	93.0	137.0	213.0	354.0	497.0	806.0	1191.0	1840.0	2844.0	4567.0	8406.0	18689.0	69040.0	1647.0
	17.0	18.0	19.0	20.0	21.0	22.0	23.0	24.0	25.0	26.0	27.0	28.0	29.0	30.0	31.0	32.0	33.0	34.0	35.0	36.0	37.0
SRR19509138_1	1.0	1.0	6.0	14.0	35.0	54.0	86.0	159.0	257.0	333.0	490.0	715.0	1037.0	1391.0	1815.0	2559.0	3979.0	7333.0	20741.0	67245.0	224.0
	18.0	19.0	20.0	21.0	22.0	23.0	24.0	25.0	26.0	27.0	28.0	29.0	30.0	31.0	32.0	33.0	34.0	35.0	36.0	37.0
SRR19509138_2	1.0	3.0	15.0	30.0	71.0	125.0	236.0	300.0	401.0	513.0	736.0	961.0	1283.0	1840.0	2623.0	4078.0	6855.0	16325.0	70715.0	1364.0
	18.0	19.0	20.0	21.0	22.0	23.0	24.0	25.0	26.0	27.0	28.0	29.0	30.0	31.0	32.0	33.0	34.0	35.0	36.0	37.0
SRR19509139_1	3.0	6.0	12.0	17.0	36.0	78.0	126.0	218.0	279.0	464.0	652.0	923.0	1238.0	1652.0	2425.0	3904.0	7171.0	21648.0	77479.0	271.0
	17.0	18.0	19.0	20.0	21.0	22.0	23.0	24.0	25.0	26.0	27.0	28.0	29.0	30.0	31.0	32.0	33.0	34.0	35.0	36.0	37.0
SRR19509139_2	1.0	3.0	5.0	10.0	24.0	53.0	94.0	170.0	244.0	384.0	501.0	726.0	1015.0	1390.0	1922.0	2852.0	4553.0	8122.0	18802.0	76000.0	1731.0
	15.0	16.0	17.0	18.0	19.0	20.0	21.0	22.0	23.0	24.0	25.0	26.0	27.0	28.0	29.0	30.0	31.0	32.0	33.0	34.0	35.0	36.0	37.0
SRR19509140_1	1.0	0.0	0.0	2.0	6.0	11.0	16.0	32.0	80.0	127.0	205.0	342.0	431.0	653.0	889.0	1324.0	1872.0	2631.0	4195.0	7715.0	21417.0	65626.0	196.0
	14.0	15.0	16.0	17.0	18.0	19.0	20.0	21.0	22.0	23.0	24.0	25.0	26.0	27.0	28.0	29.0	30.0	31.0	32.0	33.0	34.0	35.0	36.0	37.0
SRR19509140_2	1.0	0.0	1.0	2.0	3.0	5.0	24.0	43.0	68.0	124.0	171.0	256.0	411.0	570.0	800.0	1044.0	1440.0	1961.0	2933.0	4688.0	8872.0	24450.0	59107.0	797.0
	18.0	19.0	20.0	21.0	22.0	23.0	24.0	25.0	26.0	27.0	28.0	29.0	30.0	31.0	32.0	33.0	34.0	35.0	36.0	37.0
SRR19509141_1	1.0	1.0	16.0	18.0	35.0	91.0	161.0	232.0	391.0	550.0	746.0	1036.0	1460.0	2033.0	2943.0	4623.0	8697.0	23123.0	65989.0	215.0
	17.0	18.0	19.0	20.0	21.0	22.0	23.0	24.0	25.0	26.0	27.0	28.0	29.0	30.0	31.0	32.0	33.0	34.0	35.0	36.0	37.0
SRR19509141_2	1.0	6.0	9.0	19.0	37.0	69.0	122.0	193.0	254.0	415.0	587.0	793.0	1122.0	1407.0	1962.0	2790.0	4598.0	8518.0	23142.0	65238.0	1079.0
	16.0	17.0	18.0	19.0	20.0	21.0	22.0	23.0	24.0	25.0	26.0	27.0	28.0	29.0	30.0	31.0	32.0	33.0	34.0	35.0	36.0	37.0
SRR19509142_1	1.0	2.0	2.0	4.0	8.0	25.0	52.0	101.0	172.0	286.0	354.0	534.0	724.0	1060.0	1398.0	1944.0	2670.0	4087.0	7502.0	20472.0	59193.0	219.0
	16.0	17.0	18.0	19.0	20.0	21.0	22.0	23.0	24.0	25.0	26.0	27.0	28.0	29.0	30.0	31.0	32.0	33.0	34.0	35.0	36.0	37.0
SRR19509142_2	1.0	2.0	3.0	6.0	18.0	34.0	88.0	133.0	234.0	330.0	476.0	649.0	804.0	1086.0	1376.0	1847.0	2635.0	4142.0	7319.0	19487.0	59280.0	860.0
	17.0	18.0	19.0	20.0	21.0	22.0	23.0	24.0	25.0	26.0	27.0	28.0	29.0	30.0	31.0	32.0	33.0	34.0	35.0	36.0	37.0
SRR19509143_1	1.0	0.0	3.0	2.0	6.0	18.0	33.0	63.0	146.0	198.0	290.0	512.0	732.0	1121.0	1673.0	2382.0	3692.0	6633.0	17249.0	66213.0	378.0
	18.0	19.0	20.0	21.0	22.0	23.0	24.0	25.0	26.0	27.0	28.0	29.0	30.0	31.0	32.0	33.0	34.0	35.0	36.0	37.0
SRR19509143_2	1.0	4.0	2.0	13.0	15.0	37.0	42.0	97.0	163.0	283.0	462.0	665.0	975.0	1307.0	2174.0	3396.0	5990.0	14117.0	69454.0	2148.0
	18.0	19.0	20.0	21.0	22.0	23.0	24.0	25.0	26.0	27.0	28.0	29.0	30.0	31.0	32.0	33.0	34.0	35.0	36.0	37.0
SRR19509144_1	1.0	1.0	1.0	17.0	24.0	60.0	113.0	175.0	259.0	409.0	652.0	912.0	1240.0	1885.0	2805.0	4263.0	8206.0	23383.0	68855.0	204.0
	18.0	19.0	20.0	21.0	22.0	23.0	24.0	25.0	26.0	27.0	28.0	29.0	30.0	31.0	32.0	33.0	34.0	35.0	36.0	37.0
SRR19509144_2	2.0	3.0	6.0	20.0	38.0	68.0	133.0	181.0	269.0	389.0	611.0	808.0	1153.0	1689.0	2370.0	3861.0	6880.0	17409.0	76000.0	1575.0
	18.0	19.0	20.0	21.0	22.0	23.0	24.0	25.0	26.0	27.0	28.0	29.0	30.0	31.0	32.0	33.0	34.0	35.0	36.0	37.0
SRR19509145_1	2.0	3.0	6.0	17.0	26.0	59.0	93.0	134.0	237.0	356.0	518.0	765.0	1116.0	1570.0	2358.0	3901.0	7275.0	20939.0	67802.0	213.0
	15.0	16.0	17.0	18.0	19.0	20.0	21.0	22.0	23.0	24.0	25.0	26.0	27.0	28.0	29.0	30.0	31.0	32.0	33.0	34.0	35.0	36.0	37.0
SRR19509145_2	1.0	0.0	1.0	0.0	6.0	8.0	17.0	39.0	91.0	139.0	174.0	253.0	399.0	557.0	820.0	1182.0	1579.0	2304.0	3685.0	6775.0	16929.0	71086.0	1345.0
	15.0	16.0	17.0	18.0	19.0	20.0	21.0	22.0	23.0	24.0	25.0	26.0	27.0	28.0	29.0	30.0	31.0	32.0	33.0	34.0	35.0	36.0	37.0
SRR19509146_1	1.0	0.0	1.0	0.0	4.0	5.0	11.0	25.0	36.0	89.0	165.0	246.0	360.0	526.0	773.0	1132.0	1658.0	2507.0	3923.0	7383.0	21822.0	63092.0	175.0
	15.0	16.0	17.0	18.0	19.0	20.0	21.0	22.0	23.0	24.0	25.0	26.0	27.0	28.0	29.0	30.0	31.0	32.0	33.0	34.0	35.0	36.0	37.0
SRR19509146_2	1.0	0.0	0.0	1.0	1.0	7.0	15.0	45.0	75.0	98.0	176.0	236.0	369.0	556.0	837.0	1077.0	1501.0	2261.0	3618.0	6666.0	17325.0	67928.0	1141.0
	17.0	18.0	19.0	20.0	21.0	22.0	23.0	24.0	25.0	26.0	27.0	28.0	29.0	30.0	31.0	32.0	33.0	34.0	35.0	36.0	37.0
SRR19509147_1	1.0	0.0	1.0	13.0	16.0	45.0	63.0	130.0	186.0	326.0	481.0	683.0	893.0	1282.0	1720.0	2493.0	3914.0	7217.0	20960.0	68655.0	240.0
	16.0	17.0	18.0	19.0	20.0	21.0	22.0	23.0	24.0	25.0	26.0	27.0	28.0	29.0	30.0	31.0	32.0	33.0	34.0	35.0	36.0	37.0
SRR19509147_2	1.0	0.0	2.0	6.0	10.0	30.0	59.0	85.0	127.0	165.0	278.0	417.0	612.0	824.0	1091.0	1556.0	2248.0	3373.0	5931.0	14548.0	75878.0	2078.0
	16.0	17.0	18.0	19.0	20.0	21.0	22.0	23.0	24.0	25.0	26.0	27.0	28.0	29.0	30.0	31.0	32.0	33.0	34.0	35.0	36.0	37.0
SRR19509148_1	1.0	3.0	1.0	2.0	3.0	13.0	30.0	62.0	98.0	163.0	261.0	395.0	548.0	770.0	1005.0	1533.0	2210.0	3453.0	6325.0	18337.0	65771.0	254.0
	15.0	16.0	17.0	18.0	19.0	20.0	21.0	22.0	23.0	24.0	25.0	26.0	27.0	28.0	29.0	30.0	31.0	32.0	33.0	34.0	35.0	36.0	37.0
SRR19509148_2	1.0	0.0	1.0	2.0	9.0	5.0	20.0	57.0	74.0	138.0	186.0	250.0	412.0	535.0	716.0	1014.0	1351.0	1935.0	3034.0	5665.0	15166.0	69090.0	1577.0
	18.0	19.0	20.0	21.0	22.0	23.0	24.0	25.0	26.0	27.0	28.0	29.0	30.0	31.0	32.0	33.0	34.0	35.0	36.0	37.0
SRR19509149_1	2.0	4.0	4.0	25.0	52.0	89.0	134.0	221.0	314.0	442.0	632.0	908.0	1198.0	1600.0	2307.0	3668.0	6571.0	19286.0	63965.0	219.0
	15.0	16.0	17.0	18.0	19.0	20.0	21.0	22.0	23.0	24.0	25.0	26.0	27.0	28.0	29.0	30.0	31.0	32.0	33.0	34.0	35.0	36.0	37.0
SRR19509149_2	1.0	0.0	1.0	3.0	4.0	11.0	24.0	50.0	82.0	152.0	191.0	306.0	441.0	647.0	843.0	1059.0	1488.0	2170.0	3325.0	5914.0	15327.0	68169.0	1433.0
	18.0	19.0	20.0	21.0	22.0	23.0	24.0	25.0	26.0	27.0	28.0	29.0	30.0	31.0	32.0	33.0	34.0	35.0	36.0	37.0
SRR19509150_1	2.0	6.0	8.0	25.0	58.0	106.0	148.0	309.0	361.0	598.0	743.0	1010.0	1329.0	1831.0	2572.0	3995.0	7268.0	20237.0	69279.0	277.0
	18.0	19.0	20.0	21.0	22.0	23.0	24.0	25.0	26.0	27.0	28.0	29.0	30.0	31.0	32.0	33.0	34.0	35.0	36.0	37.0
SRR19509150_2	3.0	4.0	17.0	31.0	51.0	100.0	162.0	249.0	366.0	505.0	714.0	887.0	1183.0	1699.0	2352.0	3466.0	6109.0	15177.0	75070.0	2017.0
	16.0	17.0	18.0	19.0	20.0	21.0	22.0	23.0	24.0	25.0	26.0	27.0	28.0	29.0	30.0	31.0	32.0	33.0	34.0	35.0	36.0	37.0
SRR19509151_1	1.0	0.0	1.0	7.0	11.0	32.0	39.0	98.0	181.0	245.0	333.0	526.0	732.0	950.0	1360.0	1775.0	2695.0	4351.0	7708.0	21664.0	71436.0	226.0
	18.0	19.0	20.0	21.0	22.0	23.0	24.0	25.0	26.0	27.0	28.0	29.0	30.0	31.0	32.0	33.0	34.0	35.0	36.0	37.0
SRR19509151_2	1.0	5.0	25.0	42.0	69.0	99.0	152.0	247.0	367.0	476.0	664.0	909.0	1214.0	1665.0	2327.0	3618.0	6533.0	17256.0	77407.0	1295.0
	18.0	19.0	20.0	21.0	22.0	23.0	24.0	25.0	26.0	27.0	28.0	29.0	30.0	31.0	32.0	33.0	34.0	35.0	36.0	37.0
SRR19509152_1	2.0	2.0	16.0	30.0	44.0	112.0	214.0	304.0	408.0	624.0	847.0	1189.0	1502.0	2059.0	2987.0	4490.0	7858.0	21442.0	69790.0	272.0
	14.0	15.0	16.0	17.0	18.0	19.0	20.0	21.0	22.0	23.0	24.0	25.0	26.0	27.0	28.0	29.0	30.0	31.0	32.0	33.0	34.0	35.0	36.0	37.0
SRR19509152_2	1.0	0.0	0.0	6.0	8.0	10.0	23.0	41.0	93.0	165.0	261.0	350.0	425.0	600.0	864.0	1097.0	1477.0	1946.0	2716.0	4018.0	6919.0	16801.0	74832.0	1539.0
	18.0	19.0	20.0	21.0	22.0	23.0	24.0	25.0	26.0	27.0	28.0	29.0	30.0	31.0	32.0	33.0	34.0	35.0	36.0	37.0
SRR19509153_1	1.0	2.0	3.0	3.0	22.0	43.0	58.0	122.0	172.0	254.0	413.0	631.0	955.0	1289.0	2141.0	3437.0	6792.0	21547.0	73765.0	230.0
	19.0	20.0	21.0	22.0	23.0	24.0	25.0	26.0	27.0	28.0	29.0	30.0	31.0	32.0	33.0	34.0	35.0	36.0	37.0
SRR19509153_2	2.0	8.0	17.0	34.0	50.0	98.0	138.0	214.0	350.0	467.0	613.0	903.0	1407.0	2113.0	3565.0	6666.0	18940.0	75243.0	1052.0
	15.0	16.0	17.0	18.0	19.0	20.0	21.0	22.0	23.0	24.0	25.0	26.0	27.0	28.0	29.0	30.0	31.0	32.0	33.0	34.0	35.0	36.0	37.0
SRR19509154_1	1.0	0.0	3.0	4.0	12.0	59.0	238.0	427.0	547.0	626.0	686.0	902.0	1177.0	1598.0	2001.0	2356.0	3181.0	4111.0	5591.0	8039.0	16963.0	55964.0	544.0
	17.0	18.0	19.0	20.0	21.0	22.0	23.0	24.0	25.0	26.0	27.0	28.0	29.0	30.0	31.0	32.0	33.0	34.0	35.0	36.0	37.0
SRR19509154_2	2.0	1.0	9.0	67.0	211.0	427.0	559.0	679.0	897.0	1026.0	1265.0	1451.0	1792.0	2188.0	2859.0	3832.0	5130.0	7836.0	15355.0	57984.0	1460.0

