Sample	FastQC_mqc-generalstats-fastqc-percent_duplicates	FastQC_mqc-generalstats-fastqc-percent_gc	FastQC_mqc-generalstats-fastqc-avg_sequence_length	FastQC_mqc-generalstats-fastqc-median_sequence_length	FastQC_mqc-generalstats-fastqc-percent_fails	FastQC_mqc-generalstats-fastqc-total_sequences
SRR19509095_1	95.44109748659548	53.0	250.0	250	40.0	109851.0
SRR19509095_2	97.73420360306233	50.0	250.0	250	40.0	109851.0
SRR19509096_1	95.58474221042336	52.0	250.0	250	40.0	100198.0
SRR19509096_2	97.58378410746721	50.0	250.0	250	40.0	100198.0
SRR19509097_1	95.68085950174857	52.0	250.0	250	40.0	110948.0
SRR19509097_2	97.96120705195227	51.0	250.0	250	40.0	110948.0
SRR19509098_1	95.66719421207326	53.0	250.0	250	40.0	110575.0
SRR19509098_2	97.6947773004748	51.0	250.0	250	40.0	110575.0
SRR19509099_1	94.58529170233956	53.0	250.0	250	40.0	114466.0
SRR19509099_2	97.70761623538867	53.0	250.0	250	40.0	114466.0
SRR19509100_1	94.63807712898522	54.0	250.0	250	40.0	108338.0
SRR19509100_2	97.51518396130628	52.0	250.0	250	40.0	108338.0
SRR19509101_1	94.42966312765107	54.0	250.0	250	40.0	117641.0
SRR19509101_2	97.29091048188982	52.0	250.0	250	40.0	117641.0
SRR19509102_1	94.76355269383855	53.0	250.0	250	40.0	107783.0
SRR19509102_2	97.58589016820835	53.0	250.0	250	40.0	107783.0
SRR19509103_1	95.72327804305216	53.0	250.0	250	40.0	115813.0
SRR19509103_2	97.86897843938073	51.0	250.0	250	40.0	115813.0
SRR19509104_1	96.46056470632102	54.0	250.0	250	40.0	107277.0
SRR19509104_2	98.18134362444886	52.0	250.0	250	40.0	107277.0
SRR19509105_1	94.83118784481066	54.0	250.0	250	40.0	112018.0
SRR19509105_2	97.71733114320912	54.0	250.0	250	40.0	112018.0
SRR19509106_1	95.761872443458	53.0	250.0	250	40.0	109034.0
SRR19509106_2	98.00337509400737	51.0	250.0	250	40.0	109034.0
SRR19509107_1	95.6541409169464	53.0	250.0	250	40.0	110519.0
SRR19509107_2	98.12701888363087	51.0	250.0	250	40.0	110519.0
SRR19509108_1	95.38392747549493	54.0	250.0	250	40.0	114058.0
SRR19509108_2	97.92386329762051	53.0	250.0	250	40.0	114058.0
SRR19509109_1	96.50970856554613	52.0	250.0	250	40.0	112684.0
SRR19509109_2	98.16655425792482	51.0	250.0	250	40.0	112684.0
SRR19509110_1	96.09254061410223	54.0	250.0	250	40.0	117570.0
SRR19509110_2	98.17810665986221	51.0	250.0	250	40.0	117570.0
SRR19509111_1	94.57268253268694	54.0	250.0	250	40.0	108912.0
SRR19509111_2	97.824849419715	53.0	250.0	250	40.0	108912.0
SRR19509112_1	95.21214044388032	54.0	250.0	250	40.0	107146.0
SRR19509112_2	97.84686315868068	53.0	250.0	250	40.0	107146.0
SRR19509113_1	95.25156992207748	54.0	250.0	250	40.0	117681.0
SRR19509113_2	98.05321164843943	53.0	250.0	250	40.0	117681.0
SRR19509114_1	95.17707744746004	55.0	250.0	250	40.0	109726.0
SRR19509114_2	97.8692379199096	54.0	250.0	250	40.0	109726.0
SRR19509115_1	95.63486283078417	55.0	250.0	250	40.0	102975.0
SRR19509115_2	98.14226754066522	54.0	250.0	250	40.0	102975.0
SRR19509116_1	95.28116565884322	55.0	250.0	250	40.0	117084.0
SRR19509116_2	97.94933551979776	55.0	250.0	250	40.0	117084.0
SRR19509117_1	95.96419414331339	55.0	250.0	250	40.0	111155.0
SRR19509117_2	98.32576132427691	55.0	250.0	250	40.0	111155.0
SRR19509118_1	95.83007764205529	54.0	250.0	250	40.0	101105.0
SRR19509118_2	98.05251965778152	54.0	250.0	250	40.0	101105.0
SRR19509119_1	95.14609421586165	54.0	250.0	250	40.0	109005.0
SRR19509119_2	97.9230310536214	54.0	250.0	250	40.0	109005.0
SRR19509120_1	93.8984093592784	52.0	250.0	250	40.0	100777.0
SRR19509120_2	96.4208103039384	51.0	250.0	250	40.0	100777.0
SRR19509121_1	94.69055605842784	53.0	250.0	250	40.0	112686.0
SRR19509121_2	97.77967094403918	51.0	250.0	250	40.0	112686.0
SRR19509122_1	94.85972700646563	53.0	250.0	250	40.0	108574.0
SRR19509122_2	97.84110376333192	51.0	250.0	250	40.0	108574.0
SRR19509123_1	95.2456742103785	53.0	250.0	250	40.0	117493.0
SRR19509123_2	97.88923595448239	50.0	250.0	250	40.0	117493.0
SRR19509124_1	95.04108945761917	53.0	250.0	250	40.0	106475.0
SRR19509124_2	97.83705095092745	51.0	250.0	250	40.0	106475.0
SRR19509125_1	94.49528268425907	53.0	250.0	250	40.0	112776.0
SRR19509125_2	97.72291977016387	51.0	250.0	250	40.0	112776.0
SRR19509126_1	96.55468600878031	54.0	250.0	250	40.0	104780.0
SRR19509126_2	98.33365146020233	51.0	250.0	250	40.0	104780.0
SRR19509127_1	94.69522944601742	53.0	250.0	250	40.0	112314.0
SRR19509127_2	97.74916751250957	50.0	250.0	250	40.0	112314.0
SRR19509128_1	96.17686959470917	53.0	250.0	250	40.0	117940.0
SRR19509128_2	98.11768695947092	49.0	250.0	250	40.0	117940.0
SRR19509129_1	95.76049098840159	52.0	250.0	250	40.0	118292.0
SRR19509129_2	98.13343252290942	50.0	250.0	250	40.0	118292.0
SRR19509130_1	95.14331210191082	53.0	250.0	250	40.0	108016.0
SRR19509130_2	97.96233891275367	51.0	250.0	250	40.0	108016.0
SRR19509131_1	95.47838968281631	53.0	250.0	250	40.0	114760.0
SRR19509131_2	97.4363889857093	52.0	250.0	250	40.0	114760.0
SRR19509132_1	93.11748774141013	54.0	250.0	250	40.0	112982.0
SRR19509132_2	97.08537643164398	54.0	250.0	250	40.0	112982.0
SRR19509133_1	95.6240671727207	53.0	250.0	250	40.0	109211.0
SRR19509133_2	97.9626594390675	54.0	250.0	250	40.0	109211.0
SRR19509134_1	93.51039691972223	54.0	250.0	250	40.0	101809.0
SRR19509134_2	96.5867457690381	53.0	250.0	250	40.0	101809.0
SRR19509135_1	93.36255211537147	54.0	250.0	250	40.0	117048.0
SRR19509135_2	97.06701524161028	54.0	250.0	250	40.0	117048.0
SRR19509136_1	95.88243646173505	54.0	250.0	250	40.0	84516.0
SRR19509136_2	97.22419423541105	53.0	250.0	250	40.0	84516.0
SRR19509137_1	94.86961168829993	52.0	250.0	250	40.0	110401.0
SRR19509137_2	96.63318267044683	53.0	250.0	250	40.0	110401.0
SRR19509138_1	95.45425213182762	53.0	250.0	250	40.0	108475.0
SRR19509138_2	97.45840055312284	54.0	250.0	250	40.0	108475.0
SRR19509139_1	94.80362894386266	54.0	250.0	250	40.0	118602.0
SRR19509139_2	97.05401257988905	52.0	250.0	250	40.0	118602.0
SRR19509140_1	95.04504922474506	53.0	250.0	250	40.0	107771.0
SRR19509140_2	97.55407298809513	52.0	250.0	250	40.0	107771.0
SRR19509141_1	95.80637409777414	53.0	250.0	250	40.0	112361.0
SRR19509141_2	97.66200016019793	52.0	250.0	250	40.0	112361.0
SRR19509142_1	93.54726713619681	53.0	250.0	250	40.0	100810.0
SRR19509142_2	96.14125582779486	52.0	250.0	250	40.0	100810.0
SRR19509143_1	94.14968671370073	53.0	250.0	250	40.0	101345.0
SRR19509143_2	96.58493265577977	55.0	250.0	250	40.0	101345.0
SRR19509144_1	92.68144361697439	54.0	250.0	250	40.0	113465.0
SRR19509144_2	96.20059049045962	53.0	250.0	250	40.0	113465.0
SRR19509145_1	91.73945432535618	54.0	250.0	250	40.0	107390.0
SRR19509145_2	95.75658813669801	53.0	250.0	250	40.0	107390.0
SRR19509146_1	92.85123251294091	54.0	250.0	250	40.0	103934.0
SRR19509146_2	96.82779456193353	53.0	250.0	250	40.0	103934.0
SRR19509147_1	95.64668538863327	53.0	250.0	250	40.0	109319.0
SRR19509147_2	97.40209844583283	54.0	250.0	250	40.0	109319.0
SRR19509148_1	95.50662794602817	54.0	250.0	250	40.0	101238.0
SRR19509148_2	97.49204844030898	53.0	250.0	250	40.0	101238.0
SRR19509149_1	93.88140612548086	54.0	250.0	250	40.0	101641.0
SRR19509149_2	97.04941903365767	52.0	250.0	250	40.0	101641.0
SRR19509150_1	94.01063887728981	54.0	250.0	250	40.0	110162.0
SRR19509150_2	96.84555472849077	54.0	250.0	250	40.0	110162.0
SRR19509151_1	95.35721467854613	54.0	250.0	250	40.0	114371.0
SRR19509151_2	97.27640748091737	53.0	250.0	250	40.0	114371.0
SRR19509152_1	92.62119938349447	53.0	250.0	250	40.0	114192.0
SRR19509152_2	95.64155107187894	52.0	250.0	250	40.0	114192.0
SRR19509153_1	94.09188416160171	52.0	250.0	250	40.0	111880.0
SRR19509153_2	97.4168752234537	51.0	250.0	250	40.0	111880.0
SRR19509154_1	94.17214129296391	53.0	250.0	250	40.0	105030.0
SRR19509154_2	96.4533942683043	51.0	250.0	250	40.0	105030.0
